524,507,506,523,525,520,516,525
524,504,517,514,519,504,510,517
504,519,522,524,508,509,506,524
522,525,506,513,525,507,505,523
522,518,524,508,517,506,521,522
516,514,515,525,521,524,511,511
518,522,525,506,520,521,519,523
513,518,511,510,507,516,507,517
521,508,509,517,517,506,505,525
513,505,514,510,506,521,514,508
513,519,516,524,510,509,505,508
524,505,525,507,510,512,513,518
513,519,521,514,515,514,505,521
505,523,513,513,505,509,518,518
519,525,520,513,517,506,515,507
520,519,505,509,505,515,521,514
523,524,511,524,510,509,519,525
511,504,518,508,505,522,513,505
515,516,523,514,522,516,507,507
523,510,513,507,518,524,525,513
504,504,517,513,511,505,516,514
521,520,513,520,520,515,506,515
521,506,508,524,522,512,524,517
511,525,525,518,516,522,511,512
512,519,525,522,521,518,511,523
508,506,513,521,506,510,505,507
506,524,515,513,523,507,514,505
506,524,517,523,518,523,521,523
504,525,521,523,509,508,525,522
515,522,522,504,511,518,510,509
504,511,524,511,514,513,518,523
509,518,506,516,504,513,518,516
511,524,511,515,512,525,508,520
513,521,524,525,522,516,509,524
510,523,521,517,513,506,514,513
514,524,509,523,524,518,522,506
523,507,510,521,507,522,523,507
507,513,525,517,507,519,519,507
504,520,522,523,519,518,524,518
504,510,504,524,522,514,516,518
504,511,505,590,521,516,510,511
508,520,513,523,522,508,522,507
519,516,508,517,524,522,515,525
514,523,521,512,504,504,514,512
510,517,517,513,515,521,505,513
522,506,523,504,509,506,520,511
524,513,506,508,510,508,510,510
521,513,525,525,508,513,509,514
508,515,511,514,506,515,516,521
524,513,516,512,504,515,525,524
525,516,512,524,510,517,521,515
506,519,520,515,511,509,506,511
508,516,512,505,522,519,510,519
518,517,511,524,520,517,515,511
523,516,523,504,521,517,506,524
513,510,504,512,521,524,510,522
508,522,518,508,509,523,519,510
516,511,506,511,520,522,510,509
512,518,507,510,525,510,514,523
520,516,521,509,515,525,523,512
519,513,508,510,504,512,509,504
507,507,509,524,516,522,520,523
509,507,513,515,518,508,511,506
506,524,525,515,518,517,517,512
504,517,512,525,508,520,518,509
506,515,525,519,513,522,508,517
525,518,508,514,522,505,525,520
510,518,509,505,523,511,511,514
505,512,504,520,520,513,504,506
516,523,510,517,521,521,518,521
513,510,506,512,504,507,514,520
507,515,519,513,521,505,512,517
521,525,515,525,510,517,508,506
516,505,511,514,508,506,516,519
518,523,515,513,517,506,504,509
511,506,519,515,520,505,510,511
515,523,525,519,512,522,518,509
511,525,516,519,504,505,511,504
509,512,512,504,522,524,520,504
514,507,520,515,519,507,524,520
518,518,507,514,524,521,524,517
520,506,515,508,524,522,505,523
518,513,511,519,513,512,523,508
511,522,508,505,521,509,523,525
523,507,520,514,508,523,525,513
506,510,509,509,505,515,508,516
504,514,522,525,518,513,520,507
516,508,514,524,524,509,520,514
517,511,522,515,516,508,507,518
522,521,525,520,516,518,515,504
516,521,517,522,509,504,518,514
515,521,513,508,514,513,524,518
511,523,523,516,511,512,517,518
506,519,523,523,506,510,515,516
505,513,515,523,525,520,523,518
516,506,525,525,521,509,515,515
509,515,510,516,514,505,504,519
512,505,515,522,505,510,514,523
511,514,521,521,511,519,512,511
504,520,522,505,517,513,510,521
524,524,523,506,513,507,515,513
512,506,523,521,516,511,515,505
508,508,518,506,504,509,504,514
525,508,513,516,510,508,510,516
520,517,507,522,510,512,505,516
508,511,521,510,516,522,511,519
524,519,521,515,504,518,506,516
517,510,504,513,522,520,508,514
515,504,517,509,516,516,524,524
510,510,507,511,505,525,520,523
510,511,515,506,509,512,516,522
521,521,520,505,518,511,512,520
510,523,510,514,518,520,520,512
510,510,511,516,505,525,516,518
520,516,525,519,516,507,505,509
507,513,521,525,520,525,510,522
519,516,522,507,520,512,506,518
505,521,520,517,524,510,517,517
515,513,504,505,504,523,510,516
504,505,510,519,512,523,524,520
515,521,510,519,509,525,514,509
521,510,521,525,505,522,514,509
525,510,520,515,512,510,515,504
525,518,504,516,505,520,517,509
509,510,507,520,511,504,506,514
507,519,523,519,524,510,506,510
512,522,520,524,518,512,504,515
525,512,525,504,518,505,525,522
509,514,506,519,512,511,505,504
507,519,506,506,510,508,522,508
519,521,525,522,518,509,523,514
509,505,507,524,523,511,525,509
518,519,513,517,518,522,520,515
519,506,507,521,507,517,518,517
521,510,504,504,515,513,509,511
510,518,518,508,504,504,521,524
505,523,507,515,511,522,520,521
522,517,518,515,511,508,504,504
522,507,510,515,519,513,512,525
525,517,509,511,515,522,523,507
504,512,524,518,510,520,506,519
524,522,525,509,520,504,511,518
524,516,505,513,525,517,522,517
512,508,522,509,517,515,514,513
512,520,506,506,512,519,511,507
512,524,524,512,520,510,516,524
521,522,508,522,508,524,511,522
513,522,525,515,519,509,518,521
518,512,512,519,512,515,515,523
516,520,510,510,508,518,511,506
522,510,519,513,509,511,505,507
508,508,514,512,522,509,525,520
509,507,512,525,521,525,524,522
512,504,521,508,522,508,517,507
524,513,506,506,513,506,514,515
504,523,504,523,511,517,512,507
513,522,518,521,506,521,517,511
525,516,512,505,508,518,516,505
525,523,512,507,523,525,510,520
508,504,511,505,524,506,517,523
511,524,505,507,511,519,516,506
517,507,514,523,513,520,515,513
510,508,523,510,523,519,507,525
505,519,522,523,520,515,515,515
507,520,507,506,520,510,519,505
520,523,520,515,509,518,508,523
524,505,507,516,510,504,522,512
510,504,520,504,505,507,511,516
507,511,516,507,516,512,507,505
510,505,525,523,507,509,515,506
516,507,505,512,513,522,519,522
513,504,515,518,524,518,516,521
518,507,518,512,523,518,521,515
507,525,506,511,509,507,514,511
512,524,513,517,506,522,514,515
522,518,507,522,506,516,521,505
512,509,518,517,524,505,514,516
512,518,517,524,521,522,512,509
522,514,513,513,515,507,524,509
505,507,517,518,515,506,519,514
509,524,510,513,509,520,504,507
516,514,515,516,507,518,523,515
514,506,509,515,517,518,521,523
525,514,512,514,508,518,508,514
513,511,505,517,505,525,511,523
521,505,508,522,522,518,508,516
515,517,517,514,515,514,511,525
505,511,510,524,510,505,525,516
516,525,504,507,511,508,513,509
517,523,522,509,523,521,504,508
510,524,517,522,520,524,517,519
514,519,512,516,505,509,523,511
514,513,524,519,521,514,516,507
506,513,514,522,519,516,524,524
518,507,517,505,506,504,523,518
505,513,525,525,508,506,519,511
519,517,525,515,524,523,519,521
509,507,508,520,521,521,508,511
510,513,525,518,506,512,524,515
513,515,513,523,508,506,509,508
508,511,519,508,507,524,507,518
508,512,517,506,505,518,508,516
520,525,522,521,516,525,516,512
504,513,518,532,506,516,511,520
513,508,509,513,525,522,510,505
521,524,522,512,510,521,507,524
514,525,507,510,510,516,522,515
514,521,522,504,512,508,522,506
523,509,505,513,510,505,522,514
525,524,515,522,509,524,504,524
511,513,512,513,519,507,525,515
505,511,504,516,506,515,517,517
510,518,510,524,525,511,512,513
509,508,506,525,517,506,523,515
511,522,512,519,523,517,522,504
512,514,521,507,506,505,517,510
508,513,516,506,519,510,522,509
515,512,506,520,511,509,510,508
515,504,511,520,524,508,525,505
515,515,505,517,506,508,515,506
517,506,504,509,521,519,525,507
525,518,514,520,506,514,522,506
505,505,507,505,525,523,518,519
522,506,510,525,511,510,525,511
513,523,516,510,514,524,505,505
518,520,524,525,504,513,517,507
508,505,510,520,514,513,520,507
519,515,520,513,518,519,520,506
511,510,517,512,508,514,505,505
522,508,507,514,518,510,506,523
512,506,523,506,510,513,525,525
504,505,513,511,514,525,521,522
507,519,504,525,512,519,506,524
508,507,504,505,513,516,513,524
509,517,505,504,509,510,514,505
518,517,504,504,519,512,524,520
514,513,514,505,519,505,512,515
512,505,518,511,517,509,524,514
506,506,504,507,513,508,509,512
504,510,513,517,514,507,511,516
516,510,512,524,518,513,505,524
522,520,504,509,513,516,515,519
516,511,524,513,513,524,523,515
511,513,525,518,525,508,522,508
511,504,524,514,518,512,525,513
508,517,521,524,505,514,508,522
507,512,519,513,517,521,508,520
517,525,525,507,505,511,516,516
508,513,524,512,508,515,505,524
507,522,509,516,518,512,512,520
512,521,517,504,515,512,517,512
505,515,524,522,519,517,513,518
509,523,515,507,522,506,509,510
508,512,506,522,510,514,522,509
519,523,506,511,514,519,513,523
517,517,511,523,516,519,507,523
518,515,521,517,506,517,523,524
517,504,522,518,524,518,517,521
506,523,506,515,521,506,519,516
504,506,521,522,512,504,505,522
509,504,521,515,520,523,515,519
521,521,509,519,516,509,504,508
514,514,513,512,522,507,515,507
516,508,509,522,508,525,520,514
519,518,513,517,523,504,513,513
505,513,516,519,512,511,512,517
512,513,523,519,518,513,513,507
514,516,512,517,519,513,523,520
504,523,524,524,504,510,512,514
522,524,512,508,517,511,522,517
506,508,524,522,510,505,519,511
509,520,515,525,510,508,515,525
510,509,512,518,504,504,512,505
518,508,508,513,510,508,520,506
522,511,515,518,509,507,517,507
522,516,512,521,510,518,511,512
516,525,507,523,508,504,504,519
522,522,508,509,507,517,517,512
521,517,511,515,517,523,509,521
504,506,514,511,522,505,518,515
519,516,525,504,514,504,510,522
513,505,504,525,515,522,523,504
524,516,524,512,511,517,525,521
509,521,508,507,507,513,504,507
520,513,514,517,521,522,505,513
507,522,508,520,516,513,519,521
517,515,514,509,516,509,523,515
514,524,512,517,517,511,510,519
523,524,524,508,505,514,512,509
519,518,510,504,505,513,520,520
524,514,509,518,505,512,518,518
525,519,506,516,523,525,513,506
524,505,522,510,515,521,519,525
510,525,505,511,515,525,520,520
525,506,522,510,518,512,510,510
515,523,507,521,520,507,520,516
513,523,519,506,518,506,509,522
513,525,522,506,518,523,504,507
513,525,507,514,504,517,521,506
519,522,517,517,523,510,515,512
521,522,524,504,525,505,514,513
521,521,506,522,512,512,510,517
520,518,515,515,514,512,520,510
521,518,506,525,507,514,513,510
518,524,524,509,516,515,514,504
524,519,518,508,520,523,504,508
509,522,506,504,510,508,518,522
512,513,519,505,513,525,505,516
519,523,521,507,521,522,525,521
524,511,515,518,505,510,523,520
504,522,524,522,518,518,504,510
505,516,506,512,515,517,520,508
521,517,509,520,508,514,513,513
505,522,511,509,516,523,521,510
505,519,517,518,509,516,516,510
517,513,523,509,507,519,518,519
523,517,504,519,508,516,506,511
521,522,521,523,518,518,525,504
522,510,522,504,521,506,518,520
514,515,506,512,515,509,504,520
521,520,504,520,521,507,516,522
512,520,507,521,518,509,523,522
519,504,511,520,509,515,525,516
519,512,514,518,508,509,515,523
509,520,524,510,504,509,520,513
509,514,506,505,519,507,524,504
507,508,523,525,525,513,514,506
518,507,511,505,508,517,508,510
523,512,516,514,513,511,519,505
514,519,506,510,514,525,510,508
519,505,522,515,519,513,522,522
514,521,521,515,508,520,508,521
506,525,506,524,508,515,519,505
510,522,516,511,512,520,511,506
523,513,511,509,514,523,513,516
504,507,505,505,519,525,516,518
507,504,522,504,507,522,510,510
504,519,524,504,512,515,506,520
512,523,511,509,523,523,507,522
509,519,519,521,513,505,505,515
508,515,517,517,513,520,507,514
510,513,507,505,517,507,515,509
508,515,516,515,520,510,504,521
507,512,525,504,512,521,513,507
520,514,509,522,521,511,513,525
505,515,506,524,516,515,521,515
516,513,517,512,513,512,513,506
511,506,519,519,510,511,511,516
509,514,506,508,518,511,505,504
504,518,504,521,519,523,524,508
506,510,514,513,514,518,521,518
507,516,525,519,514,507,507,511
508,514,513,523,523,515,517,505
514,525,523,525,524,518,513,513
524,519,522,508,516,513,517,504
525,516,506,525,505,512,512,524
524,516,522,523,517,507,516,523
504,517,512,506,510,525,521,518
507,511,513,509,507,522,522,515
506,504,523,513,509,512,518,510
512,515,518,517,521,506,510,516
515,509,506,511,517,516,512,510
509,507,512,525,521,525,509,515
522,506,519,509,509,504,504,509
506,513,524,515,523,515,519,516
507,521,517,513,509,525,507,509
506,514,521,510,520,524,513,525
520,509,513,525,518,506,512,507
505,511,516,512,506,507,508,511
516,510,511,505,516,522,508,579
520,525,504,512,524,514,520,508
514,505,518,521,509,522,517,509
524,516,504,508,518,525,516,523
517,520,508,525,520,524,524,519
525,519,515,511,509,519,508,509
523,513,519,512,515,511,508,510
517,512,512,518,515,514,523,512
525,522,510,510,521,512,506,505
522,520,511,514,521,523,516,514
521,521,509,513,521,523,516,520
515,521,520,525,521,524,504,509
523,511,517,519,512,522,517,524
513,516,525,506,513,512,523,524
509,518,507,504,504,512,525,505
520,521,523,525,508,511,517,521
511,522,520,511,521,510,524,524
505,513,509,517,511,511,507,524
519,513,515,520,520,522,511,516
515,510,508,517,505,515,523,524
506,513,506,521,514,504,508,524
515,512,517,513,508,524,513,509
507,523,505,517,507,509,506,512
525,511,507,525,517,507,516,518
514,523,516,512,514,511,508,524
517,522,522,519,510,519,516,521
504,519,505,525,508,509,520,506
504,522,523,522,506,513,517,508
516,517,515,518,510,506,516,517
522,504,508,521,508,519,524,510
512,523,508,523,524,516,514,521
506,515,520,523,525,520,504,522
518,522,506,517,507,519,523,517
515,523,512,516,508,525,516,523
507,515,509,512,505,506,504,515
513,512,514,506,506,512,513,518
504,516,506,514,511,505,515,517
518,518,523,510,524,505,522,509
508,508,519,516,524,518,515,522
525,520,519,517,519,510,522,506
516,504,504,524,516,508,522,524
523,512,514,508,524,514,518,507
504,515,512,513,513,510,506,520
519,522,522,504,517,504,507,520
518,510,509,512,518,522,515,511
510,505,504,505,511,519,509,518
511,514,522,519,511,521,507,505
510,518,525,507,518,510,511,511
510,511,520,516,504,508,511,506
510,507,508,513,515,522,515,514
516,509,504,521,518,521,519,514
509,525,511,506,512,504,519,505
517,513,511,521,517,510,522,507
521,523,518,520,516,506,517,509
519,513,525,517,507,507,513,506
515,515,521,512,504,523,522,512
508,509,504,516,506,519,517,520
525,514,506,505,507,522,507,519
514,522,518,505,522,525,506,525
517,504,508,522,516,510,521,523
511,523,519,525,506,520,505,517
513,523,518,517,512,515,512,508
517,515,505,504,511,515,511,508
515,520,517,518,512,515,506,517
520,521,523,512,515,513,516,522
521,516,510,524,511,510,522,507
505,519,524,504,520,519,508,522
523,518,519,524,523,524,521,516
504,518,514,518,511,513,508,504
506,512,516,522,504,521,514,523
505,524,512,523,518,520,516,525
519,524,514,515,506,504,507,513
523,516,506,511,511,506,506,509
507,506,511,511,505,504,514,505
519,525,513,511,509,506,510,513
504,512,525,504,516,520,520,510
514,518,515,514,505,512,521,505
519,521,524,505,525,507,513,505
509,504,517,519,525,516,507,512
511,512,514,507,520,518,506,513
521,513,518,512,504,524,523,510
524,508,506,504,509,510,508,517
504,523,514,518,520,525,523,516
504,512,506,520,504,522,517,516
509,515,524,521,520,519,515,504
514,509,518,520,505,510,510,507
518,516,521,525,518,506,504,523
523,516,514,507,504,509,506,508
519,516,522,507,505,510,524,518
514,510,511,516,519,514,504,520
519,519,513,504,515,522,516,506
508,518,518,511,521,517,504,507
511,516,512,506,510,513,518,521
524,511,523,511,518,524,517,505
524,509,513,516,511,519,514,522
525,508,518,510,514,512,510,521
517,515,504,513,507,505,508,508
516,521,521,509,505,520,516,523
510,517,522,513,516,525,517,513
508,524,524,518,516,520,524,517
521,525,518,519,505,522,517,521
504,517,522,504,520,522,510,513
522,521,524,505,522,518,523,511
520,505,518,523,514,511,512,525
515,514,519,508,504,513,525,516
504,517,516,504,514,515,513,507
523,511,515,521,507,505,522,522
509,508,524,510,513,507,524,516
504,512,521,507,525,518,514,517
523,508,515,518,507,521,521,518
523,511,505,522,517,512,504,511
523,512,515,518,522,521,515,522
510,510,511,513,522,517,507,524
513,523,520,507,519,520,523,508
525,516,525,523,521,506,517,513
523,524,518,508,505,511,518,518
517,520,519,516,524,524,517,505
517,514,512,513,521,508,516,515
524,510,508,524,519,525,515,508
516,517,515,509,509,506,515,517
507,522,523,505,510,510,507,510
523,518,515,514,510,522,519,518
507,510,520,511,504,525,517,510
517,524,525,511,511,524,517,513
513,511,521,505,521,517,506,506
519,505,513,523,518,517,508,508
511,523,510,511,514,516,522,505
506,516,510,521,525,509,513,524
513,505,520,515,507,509,515,513
513,520,505,504,508,512,509,511
516,516,523,511,518,520,506,514
507,523,518,505,517,508,513,519
516,515,507,515,506,524,505,520
519,519,520,514,505,509,504,509
521,510,521,519,505,525,509,505
520,514,516,524,525,510,513,525
511,507,513,509,514,509,513,512
521,511,506,507,509,525,516,511
515,510,519,511,524,523,512,508
514,518,525,510,504,504,525,517
525,519,518,517,513,516,522,519
525,518,504,525,520,524,520,506
507,521,523,525,516,524,515,518
524,517,523,519,505,512,518,516
513,516,508,519,504,521,504,508
515,517,524,511,505,515,523,519
505,514,506,506,518,521,509,520
519,519,518,525,517,520,508,510
507,507,510,523,504,510,513,524
519,512,515,504,510,511,523,515
514,513,507,523,516,516,508,516
514,512,511,507,505,504,524,508
510,517,525,520,510,523,507,525
506,523,514,510,524,522,520,525
507,517,516,505,518,504,513,512
509,506,519,516,520,525,518,522
518,515,522,521,512,512,512,521
516,508,510,518,523,521,504,509
508,522,525,512,518,514,506,515
518,514,504,509,507,516,524,515
504,504,513,524,523,525,507,510
514,511,520,511,514,519,508,518
516,520,521,514,517,512,525,508
510,517,513,513,506,512,506,508
509,504,519,522,516,521,511,517
513,525,519,510,505,524,524,515
517,519,512,524,523,520,518,512
513,510,517,520,509,505,506,505
510,525,521,512,513,517,524,523
514,512,511,521,511,505,512,504
505,513,515,515,504,506,504,509
517,525,505,516,510,516,520,519
514,522,510,506,509,514,508,521
520,505,504,515,522,513,524,511
525,512,515,514,508,521,523,518
524,512,523,509,509,516,515,514
511,523,507,525,518,516,515,521
520,505,520,507,518,511,513,524
514,510,516,513,512,524,516,504
514,504,510,525,514,523,522,514
511,525,514,518,523,505,505,521
506,512,522,524,523,519,508,521
509,514,525,524,517,525,513,509
524,506,507,515,522,515,510,510
524,518,505,524,525,520,513,505
511,519,522,516,523,504,524,523
512,521,507,524,511,524,517,516
524,517,507,515,514,512,514,505
508,508,507,504,522,520,508,515
512,504,512,518,519,515,521,506
516,520,508,513,515,512,505,521
515,507,516,511,508,504,507,517
507,517,517,522,509,515,506,523
513,504,505,522,523,513,521,508
522,522,524,522,506,507,506,506
511,524,505,516,525,521,521,512
504,518,516,512,518,510,516,525
514,522,506,524,517,509,505,508
514,523,516,512,506,517,523,523
511,505,509,516,504,524,521,522
507,524,512,507,515,517,512,523
512,505,525,525,504,505,523,514
525,514,521,522,519,525,514,509
505,504,522,521,523,522,514,509
519,524,514,520,521,507,520,523
524,508,504,508,525,522,523,522
523,518,524,515,512,525,524,508
525,513,507,524,506,519,512,514
518,517,521,508,506,507,511,524
520,510,518,507,519,525,507,510
505,510,504,525,521,516,517,512
509,511,519,504,520,522,515,514
516,507,513,515,522,515,507,515
511,523,504,511,521,515,509,515
520,504,518,505,524,520,520,516
510,513,511,524,517,511,517,524
510,517,521,519,518,524,520,516
514,511,515,506,511,507,517,505
521,504,518,517,517,515,510,510
525,524,518,514,508,520,520,520
519,508,523,514,510,506,513,506
525,520,523,508,507,509,511,519
507,504,514,524,504,507,507,521
511,513,507,508,514,516,517,520
512,512,523,510,508,514,515,516
522,517,506,513,510,505,514,520
521,512,517,525,514,520,517,514
510,522,521,506,517,521,505,523
515,524,508,522,523,513,522,518
520,518,512,512,523,511,504,508
506,508,520,517,512,509,523,525